31 1
0 0 4231 0 0 2007 0 0 0 0 0 0 0 0 0 0 0 0 0 0 0 0 0 0 0 0 1839 0 0 0 0 
0 0 0 -253 229 0 0 0 0 0 0 -3243 3887 2831 2456 0 0 0 -2060 -2965 -3760 0 0 0 0 1907 0 -4532 0 -4375 0 
4231 0 0 0 0 0 0 0 0 -2618 0 0 2754 2567 -3463 -626 4801 0 0 0 0 0 -3706 0 0 0 -4467 0 0 2212 0 
0 -253 0 0 -2356 0 0 -2496 0 1355 0 0 0 -666 0 0 0 0 3095 492 0 -2913 602 0 4063 4130 0 854 0 4915 4000 
0 229 0 -2356 0 1533 3753 -4272 0 0 -3895 0 3587 0 -1706 0 -4730 0 0 3181 -4856 0 0 0 0 0 0 1974 0 1695 0 
2007 0 0 0 1533 0 379 0 0 0 0 0 0 0 0 -113 0 -438 3810 -1168 0 -1869 0 0 0 0 0 0 -1065 0 -2027 
0 0 0 0 3753 379 0 0 0 0 0 0 2699 0 0 0 0 0 0 0 -4667 -2700 -2687 -1471 0 0 0 0 0 -1289 0 
0 0 0 -2496 -4272 0 0 0 0 0 0 0 0 1249 0 0 0 0 0 -3595 0 0 819 1081 0 1434 0 973 -1763 0 0 
0 0 0 0 0 0 0 0 0 0 -1631 0 0 0 0 0 0 -4116 4980 0 0 0 0 0 -2800 0 0 0 0 0 0 
0 0 -2618 1355 0 0 0 0 0 0 -1520 -4792 0 0 0 0 0 0 0 0 -280 0 -3486 2899 0 2262 2110 3364 0 0 0 
0 0 0 0 -3895 0 0 0 -1631 -1520 0 0 0 0 0 4295 0 0 0 0 0 0 0 1035 -539 0 0 0 0 -364 4417 
0 -3243 0 0 0 0 0 0 0 -4792 0 0 0 -4098 0 0 0 0 0 0 0 0 -4562 -3052 0 2988 0 0 0 0 0 
0 3887 2754 0 3587 0 2699 0 0 0 0 0 0 0 1783 0 268 0 0 0 0 0 539 0 3508 0 4617 0 0 0 0 
0 2831 2567 -666 0 0 0 1249 0 0 0 -4098 0 0 0 0 0 0 0 1497 4523 0 0 0 0 0 0 -1245 0 3683 -486 
0 2456 -3463 0 -1706 0 0 0 0 0 0 0 1783 0 0 0 1283 0 0 4362 -2527 -4220 0 0 -171 0 0 -2845 0 0 0 
0 0 -626 0 0 -113 0 0 0 0 4295 0 0 0 0 0 0 -3992 3199 0 0 0 -838 0 0 3444 0 0 0 -3343 -2391 
0 0 4801 0 -4730 0 0 0 0 0 0 0 268 0 1283 0 0 0 0 -1819 55 165 0 0 0 3038 -1131 0 0 0 -905 
0 0 0 0 0 -438 0 0 -4116 0 0 0 0 0 0 -3992 0 0 0 0 363 4791 -3313 -1027 0 61 -1392 0 -4980 -2132 4674 
0 -2060 0 3095 0 3810 0 0 4980 0 0 0 0 0 0 3199 0 0 0 0 2383 0 0 0 0 -849 0 -2198 0 -1960 0 
0 -2965 0 492 3181 -1168 0 -3595 0 0 0 0 0 1497 4362 0 -1819 0 0 0 0 0 0 930 0 2490 0 0 0 3904 2095 
0 -3760 0 0 -4856 0 -4667 0 0 -280 0 0 0 4523 -2527 0 55 363 2383 0 0 3271 4544 0 -1596 -4898 -4334 -3170 -3531 -2256 0 
0 0 0 -2913 0 -1869 -2700 0 0 0 0 0 0 0 -4220 0 165 4791 0 0 3271 0 0 0 0 0 0 0 -3093 0 0 
0 0 -3706 602 0 0 -2687 819 0 -3486 0 -4562 539 0 0 -838 0 -3313 0 0 4544 0 0 0 0 0 0 0 0 1638 0 
0 0 0 0 0 0 -1471 1081 0 2899 1035 -3052 0 0 0 0 0 -1027 0 930 0 0 0 0 0 -3930 0 0 0 0 0 
0 0 0 4063 0 0 0 0 -2800 0 -539 0 3508 0 -171 0 0 0 0 0 -1596 0 0 0 0 2623 726 0 0 0 0 
0 1907 0 4130 0 0 0 1434 0 2262 0 2988 0 0 0 3444 3038 61 -849 2490 -4898 0 0 -3930 2623 0 1180 -3809 3525 0 0 
1839 0 -4467 0 0 0 0 0 0 2110 0 0 4617 0 0 0 -1131 -1392 0 0 -4334 0 0 0 726 1180 0 0 695 2341 0 
0 -4532 0 854 1974 0 0 973 0 3364 0 0 0 -1245 -2845 0 0 0 -2198 0 -3170 0 0 0 0 -3809 0 0 -64 0 0 
0 0 0 0 0 -1065 0 -1763 0 0 0 0 0 0 0 0 0 -4980 0 0 -3531 -3093 0 0 0 3525 695 -64 0 0 -722 
0 -4375 2212 4915 1695 0 -1289 0 0 0 -364 0 0 3683 0 -3343 0 -2132 -1960 3904 -2256 0 1638 0 0 0 2341 0 0 0 4181 
0 0 0 4000 0 -2027 0 0 0 0 4417 0 0 -486 0 -2391 -905 4674 0 2095 0 0 0 0 0 0 0 0 -722 4181 0